[104946,
105330,
31502,
31503,
31560,
31743,
31742,
31741,
31739,
31738,
31736,
31735,
31734,
31733,
31732,
31731,
31730,
31729,
31728,
31727,
31725,
31724,
31723,
31722,
31721,
31726,
31737,
31720,
31717,
31718,
31716,
31714,
31719,
31713,
31712
31711,
31710,
31709,
31708,
31706,
31801,
31740,
31707,
31704
31705,
31703,
31702,
105432,
104475,
104476,
103482,
104069,
104721,
18729,
103526,
104692,
104556,
104557,
104558,
104839,
31618,
31619,
31620,
31621,
31636,
31617,
31637,
31640,
31639,
31616,
31641,
31642,
31643,
31644,
104838,
31648,
31647,
31649,
31650,
31651,
31654,
31657,
31659,
31662,
31663,
31769,
31767,
31766,
31760,
31758,
31756,
31755,
31754,
31752,
31751,
31750,
31749,
31748,
31802]